

Software Version	2.09.1



Experiment File Path:	C:\Users\admin\Desktop\Sp2025\GrA\Beta Gal kinetic_GrB_fementation samples_Sp2025.xpt
Protocol File Path:	C:\Users\admin\Desktop\A405_Betagal_Kinetic.prt



Plate Number	Plate 21
Date	2/9/2025
Time	12:26:45 PM
Reader Type:	Synergy Neo2
Reader Serial Number:	1604211D
Reading Type	Reader

Procedure Details

Plate Type	96 WELL PLATE
Eject plate on completion	
Start Kinetic	Runtime 0:15:00 (HH:MM:SS), Interval 0:01:00, 16 Reads
    Shake	Linear: 0:02 (MM:SS)
	Frequency: 567 cpm (3 mm)
    Read	Absorbance Endpoint
	Full Plate
	Wavelengths:  405
	Read Speed: Normal,  Delay: 50 msec,  Measurements/Data Point: 8
End Kinetic	

Layout
	1	2	3	4	5	6	7	8	9	10	11	12
A	SPL1	SPL7	SPL13	SPL19	SPL25	SPL31							Well ID
B	SPL2	SPL8	SPL14	SPL20	SPL26	SPL32							Well ID
C	SPL3	SPL9	SPL15	SPL21	SPL27	SPL33							Well ID
D	SPL4	SPL10	SPL16	SPL22	SPL28	SPL34							Well ID
E	SPL5	SPL11	SPL17	SPL23	SPL29	SPL35							Well ID
F	SPL6	SPL12	SPL18	SPL24	SPL30	SPL36							Well ID
G	BLK	BLK	BLK	BLK	BLK	BLK							Well ID
H													Well ID

405

Time	T° 405	A1	A2	A3	A4	A5	A6	B1	B2	B3	B4	B5	B6	C1	C2	C3	C4	C5	C6	D1	D2	D3	D4	D5	D6	E1	E2	E3	E4	E5	E6	F1	F2	F3	F4	F5	F6	G1	G2	G3	G4	G5	G6
0:00:03	29.4	0.069	0.073	0.068	0.068	0.069	0.067	0.086	0.075	0.068	0.067	0.068	0.068	0.069	0.068	0.075	0.070	0.069	0.070	0.073	0.069	0.069	0.070	0.069	0.068	0.069	0.068	0.069	0.068	0.133	0.068	0.071	0.069	0.070	0.067	0.069	0.068	0.147	0.069	0.068	0.077	0.068	0.067
0:01:03	28.7	0.069	0.069	0.068	0.068	0.076	0.067	0.086	0.069	0.068	0.067	0.069	0.068	0.073	0.068	0.108	0.070	0.069	0.071	0.073	0.069	0.068	0.070	0.069	0.070	0.070	0.068	0.069	0.068	0.134	0.068	0.071	0.069	0.074	0.068	0.070	0.069	0.153	0.069	0.068	0.078	0.068	0.067
0:02:03	28.3	0.069	0.069	0.068	0.068	0.074	0.068	0.091	0.071	0.068	0.067	0.069	0.068	0.073	0.068	0.112	0.070	0.075	0.070	0.074	0.069	0.068	0.070	0.069	0.076	0.070	0.068	0.069	0.068	0.135	0.068	0.072	0.076	0.073	0.068	0.070	0.070	0.146	0.069	0.068	0.077	0.068	0.067
0:03:03	28.0	0.084	0.069	0.068	0.072	0.073	0.070	0.085	0.075	0.068	0.067	0.069	0.068	0.073	0.068	0.116	0.070	0.083	0.070	0.073	0.069	0.068	0.070	0.069	0.080	0.069	0.069	0.069	0.068	0.141	0.069	0.073	0.081	0.072	0.069	0.071	0.071	0.146	0.069	0.068	0.078	0.068	0.068
0:04:03	27.7	0.098	0.069	0.069	0.078	0.076	0.075	0.085	0.078	0.073	0.067	0.069	0.068	0.074	0.068	0.127	0.070	0.087	0.070	0.073	0.070	0.068	0.069	0.069	0.083	0.069	0.068	0.069	0.069	0.147	0.069	0.073	0.092	0.072	0.069	0.073	0.072	0.177	0.069	0.068	0.078	0.069	0.068
0:05:03	27.5	0.098	0.069	0.070	0.079	0.079	0.077	0.097	0.080	0.071	0.068	0.070	0.068	0.073	0.068	0.110	0.070	0.090	0.071	0.072	0.070	0.068	0.070	0.069	0.083	0.069	0.069	0.069	0.070	0.151	0.069	0.074	0.092	0.071	0.069	0.077	0.073	0.147	0.069	0.069	0.078	0.069	0.068
0:06:03	27.3	0.093	0.069	0.071	0.078	0.086	0.077	0.089	0.080	0.074	0.070	0.070	0.069	0.069	0.068	0.105	0.070	0.090	0.071	0.073	0.070	0.068	0.070	0.069	0.082	0.069	0.070	0.069	0.072	0.154	0.069	0.075	0.100	0.071	0.069	0.081	0.074	0.146	0.069	0.069	0.078	0.069	0.068
0:07:03	27.2	0.091	0.069	0.072	0.078	0.089	0.083	0.086	0.077	0.074	0.071	0.070	0.069	0.069	0.068	0.101	0.070	0.089	0.070	0.074	0.071	0.068	0.070	0.069	0.081	0.069	0.072	0.071	0.074	0.156	0.070	0.076	0.094	0.072	0.070	0.084	0.075	0.127	0.069	0.069	0.078	0.069	0.068
0:08:03	27.0	0.092	0.069	0.073	0.078	0.090	0.087	0.085	0.078	0.075	0.072	0.070	0.069	0.069	0.068	0.102	0.070	0.088	0.070	0.074	0.071	0.068	0.070	0.069	0.081	0.069	0.074	0.073	0.072	0.160	0.070	0.077	0.101	0.073	0.070	0.086	0.077	0.129	0.069	0.069	0.078	0.069	0.068
0:09:03	26.9	0.093	0.069	0.073	0.080	0.090	0.089	0.087	0.077	0.076	0.072	0.071	0.069	0.072	0.068	0.102	0.070	0.088	0.071	0.075	0.071	0.068	0.070	0.069	0.079	0.069	0.077	0.075	0.073	0.161	0.071	0.078	0.096	0.074	0.070	0.086	0.078	0.144	0.070	0.069	0.078	0.069	0.068
0:10:03	26.7	0.092	0.069	0.074	0.080	0.088	0.090	0.094	0.086	0.077	0.072	0.071	0.071	0.074	0.068	0.099	0.070	0.088	0.071	0.075	0.072	0.069	0.070	0.069	0.079	0.070	0.080	0.075	0.074	0.164	0.071	0.079	0.104	0.073	0.070	0.087	0.079	0.149	0.070	0.069	0.078	0.069	0.068
0:11:03	26.6	0.088	0.069	0.075	0.079	0.077	0.091	0.100	0.080	0.081	0.072	0.072	0.071	0.076	0.068	0.099	0.070	0.091	0.067	0.077	0.073	0.068	0.070	0.069	0.079	0.070	0.083	0.078	0.074	0.145	0.072	0.080	0.097	0.073	0.070	0.088	0.080	0.168	0.070	0.069	0.078	0.069	0.068
0:12:03	26.5	0.083	0.069	0.076	0.077	0.078	0.091	0.104	0.083	0.084	0.073	0.072	0.071	0.077	0.068	0.105	0.070	0.095	0.075	0.078	0.075	0.069	0.070	0.069	0.079	0.070	0.086	0.079	0.072	0.152	0.072	0.081	0.106	0.074	0.070	0.090	0.082	0.179	0.070	0.069	0.079	0.069	0.068
0:13:03	26.4	0.081	0.069	0.076	0.076	0.089	0.091	0.102	0.084	0.087	0.073	0.073	0.071	0.078	0.068	0.111	0.070	0.097	0.074	0.079	0.079	0.069	0.070	0.070	0.079	0.070	0.088	0.080	0.071	0.153	0.073	0.082	0.099	0.075	0.070	0.092	0.083	0.152	0.070	0.069	0.081	0.069	0.068
0:14:03	26.3	0.087	0.069	0.077	0.077	0.091	0.092	0.098	0.086	0.089	0.073	0.074	0.071	0.078	0.069	0.122	0.070	0.099	0.077	0.080	0.081	0.069	0.071	0.070	0.080	0.070	0.088	0.081	0.073	0.151	0.073	0.083	0.107	0.075	0.070	0.094	0.084	0.158	0.070	0.069	0.081	0.069	0.068
0:15:03	26.2	0.088	0.070	0.076	0.078	0.088	0.094	0.096	0.086	0.092	0.073	0.074	0.071	0.078	0.069	0.133	0.070	0.101	0.079	0.083	0.083	0.069	0.070	0.070	0.080	0.070	0.091	0.082	0.074	0.146	0.074	0.084	0.101	0.075	0.070	0.095	0.086	0.151	0.069	0.069	0.083	0.069	0.068

Blank 405

Time	A1	A2	A3	A4	A5	A6	B1	B2	B3	B4	B5	B6	C1	C2	C3	C4	C5	C6	D1	D2	D3	D4	D5	D6	E1	E2	E3	E4	E5	E6	F1	F2	F3	F4	F5	F6	G1	G2	G3	G4	G5	G6
0:00:03	-0.013	-0.009	-0.015	-0.014	-0.013	-0.015	0.004	-0.007	-0.015	-0.016	-0.014	-0.014	-0.014	-0.015	-0.008	-0.013	-0.014	-0.013	-0.009	-0.014	-0.014	-0.013	-0.014	-0.014	-0.013	-0.014	-0.014	-0.015	0.050	-0.015	-0.012	-0.013	-0.013	-0.015	-0.014	-0.014	0.065	-0.014	-0.015	-0.005	-0.015	-0.016
0:01:03	-0.015	-0.015	-0.016	-0.016	-0.007	-0.017	0.002	-0.014	-0.016	-0.017	-0.015	-0.016	-0.011	-0.016	0.024	-0.014	-0.015	-0.013	-0.010	-0.014	-0.016	-0.014	-0.015	-0.014	-0.014	-0.016	-0.015	-0.016	0.050	-0.016	-0.013	-0.015	-0.010	-0.016	-0.014	-0.014	0.069	-0.015	-0.016	-0.006	-0.016	-0.017
0:02:03	-0.014	-0.014	-0.015	-0.015	-0.009	-0.015	0.009	-0.012	-0.015	-0.016	-0.014	-0.015	-0.010	-0.015	0.029	-0.013	-0.008	-0.013	-0.009	-0.013	-0.015	-0.013	-0.014	-0.007	-0.013	-0.014	-0.014	-0.015	0.052	-0.014	-0.011	-0.006	-0.009	-0.015	-0.012	-0.013	0.064	-0.014	-0.014	-0.005	-0.015	-0.015
0:03:03	0.001	-0.014	-0.015	-0.010	-0.010	-0.013	0.002	-0.008	-0.015	-0.016	-0.014	-0.015	-0.010	-0.015	0.033	-0.013	0.001	-0.013	-0.010	-0.013	-0.015	-0.013	-0.014	-0.002	-0.014	-0.014	-0.014	-0.015	0.058	-0.014	-0.010	-0.002	-0.010	-0.014	-0.011	-0.012	0.063	-0.014	-0.015	-0.005	-0.015	-0.015
0:04:03	0.010	-0.019	-0.020	-0.010	-0.012	-0.013	-0.003	-0.010	-0.015	-0.022	-0.019	-0.020	-0.014	-0.020	0.038	-0.018	-0.001	-0.018	-0.015	-0.018	-0.020	-0.019	-0.019	-0.005	-0.019	-0.020	-0.019	-0.019	0.059	-0.020	-0.015	0.004	-0.016	-0.019	-0.015	-0.016	0.089	-0.019	-0.020	-0.010	-0.020	-0.021
0:05:03	0.015	-0.014	-0.013	-0.005	-0.004	-0.007	0.014	-0.003	-0.013	-0.016	-0.013	-0.015	-0.010	-0.015	0.027	-0.014	0.007	-0.012	-0.011	-0.013	-0.015	-0.014	-0.015	-0.001	-0.014	-0.015	-0.014	-0.013	0.068	-0.014	-0.009	0.009	-0.012	-0.014	-0.006	-0.010	0.064	-0.014	-0.015	-0.005	-0.015	-0.015
0:06:03	0.010	-0.014	-0.012	-0.005	0.003	-0.006	0.006	-0.004	-0.009	-0.013	-0.013	-0.015	-0.014	-0.015	0.022	-0.013	0.006	-0.012	-0.011	-0.013	-0.015	-0.013	-0.015	-0.001	-0.014	-0.014	-0.014	-0.011	0.071	-0.014	-0.008	0.017	-0.012	-0.014	-0.002	-0.009	0.063	-0.014	-0.015	-0.005	-0.015	-0.015
0:07:03	0.011	-0.010	-0.008	-0.002	0.009	0.003	0.007	-0.003	-0.006	-0.009	-0.010	-0.011	-0.011	-0.012	0.021	-0.010	0.009	-0.010	-0.006	-0.009	-0.012	-0.010	-0.011	0.001	-0.011	-0.008	-0.009	-0.006	0.076	-0.010	-0.004	0.014	-0.007	-0.010	0.004	-0.005	0.047	-0.010	-0.011	-0.002	-0.011	-0.012
0:08:03	0.012	-0.011	-0.007	-0.002	0.010	0.007	0.005	-0.002	-0.006	-0.008	-0.010	-0.012	-0.011	-0.012	0.022	-0.010	0.008	-0.010	-0.006	-0.009	-0.012	-0.011	-0.012	0.000	-0.011	-0.006	-0.008	-0.008	0.080	-0.010	-0.003	0.021	-0.007	-0.010	0.005	-0.004	0.049	-0.011	-0.012	-0.002	-0.012	-0.012
0:09:03	0.010	-0.014	-0.009	-0.003	0.008	0.006	0.004	-0.005	-0.007	-0.011	-0.012	-0.014	-0.010	-0.015	0.019	-0.013	0.005	-0.012	-0.008	-0.011	-0.015	-0.013	-0.014	-0.004	-0.014	-0.006	-0.008	-0.010	0.078	-0.012	-0.005	0.013	-0.009	-0.013	0.003	-0.005	0.061	-0.013	-0.014	-0.005	-0.014	-0.015
0:10:03	0.008	-0.015	-0.009	-0.003	0.004	0.006	0.010	0.002	-0.006	-0.012	-0.013	-0.013	-0.009	-0.016	0.015	-0.014	0.004	-0.013	-0.008	-0.012	-0.015	-0.014	-0.015	-0.005	-0.014	-0.004	-0.008	-0.009	0.080	-0.013	-0.005	0.020	-0.011	-0.014	0.003	-0.005	0.066	-0.014	-0.015	-0.006	-0.015	-0.015
0:11:03	0.001	-0.018	-0.012	-0.008	-0.010	0.005	0.013	-0.007	-0.006	-0.015	-0.015	-0.016	-0.010	-0.019	0.012	-0.017	0.004	-0.020	-0.010	-0.014	-0.019	-0.017	-0.018	-0.008	-0.017	-0.004	-0.009	-0.013	0.058	-0.015	-0.007	0.010	-0.014	-0.017	0.001	-0.007	0.081	-0.017	-0.018	-0.009	-0.018	-0.019
0:12:03	-0.006	-0.020	-0.013	-0.012	-0.010	0.002	0.015	-0.006	-0.005	-0.016	-0.016	-0.018	-0.012	-0.021	0.016	-0.019	0.006	-0.014	-0.011	-0.014	-0.020	-0.019	-0.020	-0.010	-0.019	-0.003	-0.010	-0.017	0.063	-0.017	-0.008	0.017	-0.015	-0.019	0.001	-0.007	0.090	-0.019	-0.020	-0.010	-0.020	-0.020
0:13:03	-0.003	-0.015	-0.008	-0.009	0.005	0.006	0.017	-0.001	0.002	-0.011	-0.012	-0.014	-0.007	-0.016	0.026	-0.015	0.013	-0.011	-0.006	-0.006	-0.016	-0.015	-0.015	-0.005	-0.014	0.003	-0.005	-0.014	0.068	-0.012	-0.003	0.015	-0.010	-0.015	0.007	-0.002	0.067	-0.015	-0.016	-0.004	-0.016	-0.016
0:14:03	0.001	-0.017	-0.009	-0.009	0.005	0.006	0.012	-0.000	0.004	-0.012	-0.012	-0.015	-0.008	-0.017	0.036	-0.016	0.013	-0.009	-0.006	-0.004	-0.017	-0.015	-0.016	-0.006	-0.016	0.003	-0.005	-0.013	0.065	-0.013	-0.003	0.021	-0.011	-0.016	0.008	-0.002	0.072	-0.016	-0.017	-0.005	-0.017	-0.018
0:15:03	0.004	-0.015	-0.008	-0.007	0.003	0.009	0.011	0.001	0.007	-0.011	-0.011	-0.014	-0.007	-0.016	0.048	-0.015	0.016	-0.006	-0.002	-0.002	-0.016	-0.015	-0.015	-0.004	-0.014	0.006	-0.002	-0.011	0.062	-0.011	-0.001	0.016	-0.010	-0.015	0.011	0.001	0.066	-0.015	-0.016	-0.002	-0.016	-0.017

Results
	1	2	3	4	5	6	7	8	9	10	11	12
A	15.117	-5.533	6.233	5.233	15.033	8.917							Max V [Blank 405]
	1.000	1.000	1.000	1.000	1.000	1.000							R-Squared [Blank 405]
	0:02:33	0:00:33	0:04:33	0:04:33	0:12:33	0:06:33							t at Max V [Blank 405]
	0:02:05	0:00:03	0:04:50	0:03:15	0:11:51	0:05:01							Lagtime [Blank 405]
B	16.933	-9.500	6.833	5.933	5.533	-5.050							Max V [Blank 405]
	1.000	1.000	1.000	1.000	1.000	1.000							R-Squared [Blank 405]
	0:04:33	0:10:33	0:12:33	0:04:33	0:04:33	0:03:33							t at Max V [Blank 405]
	0:04:27	0:11:04	0:10:37	0:05:02	0:04:53	0:02:57							Lagtime [Blank 405]
C	4.533	-5.450	31.767	-5.450	8.317	-7.400							Max V [Blank 405]
	1.000	1.000	1.000	1.000	1.000	1.000							R-Squared [Blank 405]
	0:12:33	0:03:33	0:00:33	0:03:33	0:02:33	0:10:33							t at Max V [Blank 405]
	0:11:37	0:03:06	0:00:03	0:03:00	0:01:18	0:10:01							Lagtime [Blank 405]
D	-5.450	7.833	-5.450	-5.550	-5.450	6.783							Max V [Blank 405]
	1.000	1.000	1.000	1.000	1.000	1.000							R-Squared [Blank 405]
	0:03:33	0:12:33	0:03:33	0:03:33	0:03:33	0:01:33							t at Max V [Blank 405]
	0:02:59	0:12:04	0:02:55	0:02:58	0:03:00	0:00:58							Lagtime [Blank 405]
E	-5.450	5.833	5.533	5.533	-22.500	5.333							Max V [Blank 405]
	1.000	1.000	1.000	1.000	1.000	1.000							R-Squared [Blank 405]
	0:03:33	0:12:33	0:12:33	0:04:33	0:10:33	0:04:33							t at Max V [Blank 405]
	0:02:56	0:10:05	0:11:25	0:04:49	0:11:24	0:04:55							Lagtime [Blank 405]
F	5.833	-9.600	-6.050	5.133	8.233	5.933							Max V [Blank 405]
	1.000	1.000	1.000	1.000	1.000	1.000							R-Squared [Blank 405]
	0:04:33	0:10:33	0:03:33	0:04:33	0:04:33	0:04:33							t at Max V [Blank 405]
	0:04:36	0:13:32	0:03:26	0:04:48	0:04:11	0:04:23							Lagtime [Blank 405]
G	25.850	-5.150	-5.150	5.833	-5.050	-5.350							Max V [Blank 405]
	1.000	1.000	1.000	1.000	1.000	1.000							R-Squared [Blank 405]
	0:03:33	0:03:33	0:03:33	0:12:33	0:03:33	0:03:33							t at Max V [Blank 405]
	0:03:06	0:03:06	0:03:04	0:12:52	0:03:06	0:03:06							Lagtime [Blank 405]
H													Max V [Blank 405]
													R-Squared [Blank 405]
													t at Max V [Blank 405]
													Lagtime [Blank 405]

