

Software Version	2.09.1



Experiment File Path:	C:\Users\admin\Desktop\Sp2025\GrC\Beta Gal kinetic_GrB_fementation samples_Sp2025.xpt
Protocol File Path:	C:\Users\admin\Desktop\A405_Betagal_Kinetic.prt



Plate Number	Plate 22
Date	2/9/2025
Time	12:49:34 PM
Reader Type:	Synergy Neo2
Reader Serial Number:	1604211D
Reading Type	Reader

Procedure Details

Plate Type	96 WELL PLATE
Eject plate on completion	
Start Kinetic	Runtime 0:15:00 (HH:MM:SS), Interval 0:01:00, 16 Reads
    Shake	Linear: 0:02 (MM:SS)
	Frequency: 567 cpm (3 mm)
    Read	Absorbance Endpoint
	Full Plate
	Wavelengths:  405
	Read Speed: Normal,  Delay: 50 msec,  Measurements/Data Point: 8
End Kinetic	

Layout
	1	2	3	4	5	6	7	8	9	10	11	12
A	SPL1	SPL2	SPL3	SPL4	SPL5	SPL6							Well ID
B	SPL7	SPL8	SPL9	SPL10	SPL11	SPL12							Well ID
C	SPL13	SPL14	SPL15	SPL16	SPL17	SPL18							Well ID
D	SPL19	SPL20	SPL21	SPL22	SPL23	SPL24							Well ID
E	SPL25	SPL26	SPL27	SPL28	SPL29	SPL30							Well ID
F	SPL31	SPL32	SPL33	SPL34	SPL35	SPL36							Well ID
G													Well ID
H	BLK	BLK	BLK	BLK	BLK	BLK							Well ID

405

Time	T° 405	A1	A2	A3	A4	A5	A6	B1	B2	B3	B4	B5	B6	C1	C2	C3	C4	C5	C6	D1	D2	D3	D4	D5	D6	E1	E2	E3	E4	E5	E6	F1	F2	F3	F4	F5	F6	H1	H2	H3	H4	H5	H6
0:00:03	36.3	0.066	0.071	0.066	0.067	0.069	0.067	0.066	0.066	0.067	0.066	0.071	0.066	0.066	0.066	0.067	0.066	0.067	0.066	0.066	0.066	0.067	0.068	0.067	0.068	0.151	0.094	0.083	0.079	0.074	0.074	0.426	0.130	0.091	0.097	0.084	0.102	0.071	0.078	0.071	0.071	0.071	0.071
0:01:03	35.3	0.066	0.076	0.067	0.067	0.069	0.067	0.067	0.066	0.067	0.067	0.072	0.066	0.066	0.067	0.067	0.066	0.067	0.072	0.066	0.066	0.067	0.068	0.067	0.069	0.175	0.102	0.089	0.084	0.078	0.078	0.526	0.149	0.099	0.109	0.093	0.113	0.071	0.078	0.071	0.071	0.071	0.071
0:02:03	34.5	0.067	0.080	0.067	0.070	0.070	0.068	0.076	0.066	0.067	0.071	0.072	0.067	0.066	0.067	0.067	0.066	0.067	0.077	0.067	0.069	0.067	0.068	0.067	0.070	0.201	0.110	0.096	0.090	0.082	0.082	0.625	0.170	0.108	0.122	0.102	0.132	0.072	0.079	0.072	0.071	0.071	0.072
0:03:03	33.8	0.067	0.085	0.067	0.067	0.070	0.068	0.077	0.067	0.067	0.079	0.072	0.067	0.067	0.067	0.067	0.067	0.067	0.077	0.067	0.081	0.067	0.068	0.067	0.072	0.231	0.120	0.102	0.096	0.086	0.088	0.733	0.194	0.121	0.136	0.112	0.152	0.072	0.079	0.072	0.072	0.072	0.072
0:04:03	33.3	0.067	0.089	0.068	0.068	0.071	0.068	0.081	0.067	0.068	0.067	0.072	0.067	0.067	0.067	0.067	0.067	0.067	0.077	0.067	0.084	0.067	0.068	0.067	0.072	0.263	0.130	0.109	0.102	0.091	0.093	0.831	0.221	0.135	0.152	0.123	0.175	0.073	0.079	0.072	0.072	0.072	0.073
0:05:03	32.7	0.067	0.090	0.069	0.068	0.081	0.068	0.078	0.067	0.068	0.067	0.073	0.067	0.067	0.067	0.068	0.067	0.067	0.076	0.067	0.069	0.067	0.068	0.068	0.072	0.297	0.141	0.117	0.109	0.095	0.099	0.951	0.250	0.147	0.171	0.135	0.198	0.073	0.079	0.072	0.072	0.072	0.073
0:06:03	32.3	0.068	0.086	0.071	0.068	0.077	0.068	0.073	0.067	0.068	0.068	0.073	0.068	0.067	0.068	0.068	0.067	0.067	0.076	0.068	0.069	0.068	0.069	0.068	0.071	0.333	0.153	0.125	0.116	0.101	0.106	1.095	0.281	0.159	0.191	0.148	0.224	0.073	0.080	0.073	0.072	0.072	0.073
0:07:03	31.9	0.070	0.080	0.073	0.068	0.072	0.069	0.078	0.068	0.068	0.068	0.073	0.068	0.067	0.068	0.068	0.067	0.068	0.076	0.068	0.068	0.068	0.069	0.068	0.070	0.372	0.166	0.134	0.124	0.106	0.112	1.219	0.312	0.172	0.210	0.161	0.250	0.073	0.080	0.073	0.072	0.073	0.073
0:08:03	31.5	0.071	0.079	0.073	0.068	0.071	0.068	0.082	0.068	0.069	0.068	0.073	0.068	0.068	0.068	0.068	0.067	0.068	0.076	0.068	0.068	0.068	0.069	0.068	0.069	0.410	0.179	0.143	0.131	0.112	0.118	1.334	0.344	0.185	0.229	0.174	0.277	0.074	0.080	0.073	0.073	0.073	0.073
0:09:03	31.1	0.072	0.083	0.073	0.069	0.075	0.069	0.073	0.068	0.070	0.068	0.073	0.068	0.068	0.068	0.068	0.067	0.068	0.077	0.068	0.068	0.068	0.069	0.068	0.069	0.451	0.193	0.152	0.140	0.117	0.125	1.461	0.376	0.199	0.248	0.188	0.304	0.074	0.080	0.073	0.073	0.073	0.073
0:10:03	30.8	0.073	0.087	0.074	0.069	0.074	0.069	0.081	0.068	0.071	0.069	0.073	0.068	0.068	0.068	0.069	0.068	0.068	0.077	0.069	0.068	0.068	0.069	0.069	0.070	0.491	0.207	0.161	0.148	0.123	0.132	1.580	0.409	0.214	0.269	0.202	0.332	0.074	0.080	0.073	0.073	0.073	0.073
0:11:03	30.5	0.074	0.089	0.075	0.069	0.079	0.069	0.073	0.068	0.073	0.068	0.073	0.068	0.069	0.069	0.069	0.068	0.068	0.078	0.069	0.068	0.068	0.070	0.069	0.070	0.533	0.221	0.171	0.157	0.130	0.140	1.715	0.443	0.228	0.289	0.217	0.361	0.074	0.081	0.073	0.073	0.073	0.073
0:12:03	30.2	0.074	0.088	0.075	0.069	0.082	0.069	0.074	0.069	0.073	0.069	0.073	0.068	0.069	0.069	0.069	0.068	0.068	0.078	0.069	0.069	0.069	0.070	0.070	0.070	0.575	0.236	0.181	0.165	0.136	0.147	1.846	0.478	0.243	0.310	0.232	0.389	0.075	0.081	0.074	0.073	0.073	0.074
0:13:03	30.0	0.075	0.083	0.075	0.069	0.082	0.069	0.074	0.068	0.074	0.069	0.074	0.068	0.069	0.069	0.069	0.068	0.068	0.079	0.070	0.069	0.069	0.070	0.070	0.070	0.617	0.251	0.191	0.174	0.142	0.154	1.980	0.513	0.258	0.332	0.247	0.418	0.075	0.081	0.074	0.073	0.073	0.074
0:14:03	29.7	0.075	0.081	0.076	0.069	0.081	0.069	0.078	0.069	0.073	0.069	0.074	0.068	0.069	0.069	0.069	0.068	0.069	0.079	0.070	0.069	0.069	0.071	0.070	0.070	0.659	0.266	0.201	0.183	0.149	0.161	2.108	0.548	0.273	0.354	0.262	0.447	0.075	0.081	0.074	0.074	0.073	0.074
0:15:03	29.5	0.075	0.086	0.076	0.069	0.080	0.070	0.074	0.069	0.074	0.070	0.073	0.069	0.070	0.069	0.069	0.068	0.069	0.079	0.070	0.069	0.069	0.072	0.070	0.070	0.701	0.281	0.212	0.193	0.155	0.169	2.193	0.583	0.287	0.375	0.277	0.475	0.075	0.082	0.074	0.074	0.074	0.074

Blank 405

Time	A1	A2	A3	A4	A5	A6	B1	B2	B3	B4	B5	B6	C1	C2	C3	C4	C5	C6	D1	D2	D3	D4	D5	D6	E1	E2	E3	E4	E5	E6	F1	F2	F3	F4	F5	F6	H1	H2	H3	H4	H5	H6
0:00:03	-0.006	-0.001	-0.006	-0.005	-0.004	-0.005	-0.006	-0.006	-0.005	-0.006	-0.001	-0.006	-0.006	-0.006	-0.006	-0.006	-0.005	-0.006	-0.006	-0.006	-0.005	-0.005	-0.005	-0.004	0.079	0.022	0.011	0.007	0.002	0.002	0.354	0.058	0.019	0.025	0.012	0.030	-0.001	0.006	-0.001	-0.001	-0.001	-0.001
0:01:03	-0.006	0.004	-0.006	-0.005	-0.003	-0.005	-0.005	-0.006	-0.005	-0.006	-0.000	-0.006	-0.006	-0.006	-0.006	-0.006	-0.006	-0.001	-0.006	-0.006	-0.005	-0.005	-0.006	-0.003	0.103	0.029	0.017	0.012	0.006	0.006	0.454	0.077	0.027	0.036	0.020	0.041	-0.001	0.006	-0.001	-0.001	-0.001	-0.001
0:02:03	-0.006	0.007	-0.006	-0.003	-0.003	-0.005	0.003	-0.006	-0.006	-0.002	-0.001	-0.006	-0.007	-0.006	-0.006	-0.006	-0.006	0.004	-0.006	-0.004	-0.006	-0.005	-0.006	-0.002	0.128	0.037	0.023	0.017	0.009	0.010	0.552	0.098	0.035	0.049	0.029	0.059	-0.001	0.006	-0.001	-0.001	-0.001	-0.001
0:03:03	-0.006	0.012	-0.006	-0.006	-0.003	-0.005	0.004	-0.007	-0.006	0.006	-0.001	-0.006	-0.007	-0.006	-0.006	-0.007	-0.006	0.004	-0.006	0.007	-0.006	-0.005	-0.006	-0.001	0.157	0.047	0.029	0.022	0.013	0.015	0.660	0.121	0.047	0.063	0.039	0.079	-0.001	0.006	-0.001	-0.001	-0.001	-0.001
0:04:03	-0.006	0.015	-0.005	-0.006	-0.003	-0.006	0.008	-0.007	-0.006	-0.006	-0.001	-0.006	-0.007	-0.006	-0.006	-0.007	-0.006	0.003	-0.006	0.011	-0.006	-0.005	-0.006	-0.001	0.189	0.057	0.036	0.029	0.017	0.020	0.757	0.147	0.062	0.079	0.050	0.101	-0.001	0.006	-0.001	-0.001	-0.001	-0.001
0:05:03	-0.006	0.016	-0.004	-0.006	0.007	-0.006	0.005	-0.007	-0.006	-0.006	-0.001	-0.006	-0.007	-0.006	-0.006	-0.007	-0.006	0.002	-0.006	-0.004	-0.006	-0.005	-0.006	-0.002	0.224	0.068	0.043	0.035	0.022	0.026	0.878	0.177	0.074	0.098	0.062	0.125	-0.001	0.006	-0.001	-0.001	-0.001	-0.001
0:06:03	-0.006	0.012	-0.003	-0.006	0.003	-0.006	-0.001	-0.007	-0.006	-0.006	-0.001	-0.006	-0.007	-0.006	-0.006	-0.007	-0.007	0.002	-0.006	-0.005	-0.006	-0.005	-0.006	-0.003	0.259	0.080	0.051	0.042	0.027	0.032	1.022	0.207	0.086	0.117	0.074	0.150	-0.001	0.006	-0.001	-0.002	-0.001	-0.001
0:07:03	-0.004	0.006	-0.001	-0.006	-0.002	-0.005	0.004	-0.007	-0.006	-0.007	-0.001	-0.006	-0.007	-0.006	-0.006	-0.007	-0.006	0.002	-0.006	-0.007	-0.006	-0.005	-0.006	-0.004	0.297	0.092	0.060	0.050	0.032	0.038	1.145	0.238	0.098	0.136	0.087	0.176	-0.001	0.006	-0.001	-0.002	-0.001	-0.001
0:08:03	-0.003	0.005	-0.001	-0.006	-0.003	-0.006	0.008	-0.007	-0.005	-0.007	-0.001	-0.007	-0.007	-0.006	-0.006	-0.007	-0.007	0.002	-0.006	-0.007	-0.006	-0.005	-0.006	-0.006	0.336	0.105	0.068	0.057	0.037	0.044	1.260	0.270	0.111	0.155	0.100	0.202	-0.001	0.006	-0.001	-0.002	-0.001	-0.001
0:09:03	-0.003	0.009	-0.001	-0.006	0.001	-0.006	-0.002	-0.007	-0.005	-0.006	-0.001	-0.006	-0.007	-0.006	-0.006	-0.007	-0.006	0.002	-0.006	-0.006	-0.006	-0.005	-0.006	-0.006	0.377	0.118	0.077	0.065	0.043	0.051	1.386	0.301	0.125	0.174	0.114	0.230	-0.001	0.006	-0.001	-0.002	-0.001	-0.001
0:10:03	-0.002	0.012	-0.000	-0.006	-0.000	-0.006	0.007	-0.007	-0.003	-0.006	-0.001	-0.007	-0.006	-0.006	-0.006	-0.007	-0.007	0.003	-0.006	-0.006	-0.006	-0.005	-0.006	-0.005	0.417	0.132	0.087	0.073	0.049	0.058	1.505	0.334	0.139	0.194	0.128	0.258	-0.000	0.006	-0.001	-0.002	-0.001	-0.001
0:11:03	-0.001	0.014	-0.000	-0.006	0.004	-0.006	-0.002	-0.007	-0.002	-0.006	-0.001	-0.007	-0.006	-0.006	-0.006	-0.007	-0.007	0.003	-0.006	-0.006	-0.006	-0.005	-0.005	-0.005	0.458	0.147	0.096	0.082	0.055	0.065	1.640	0.369	0.154	0.215	0.142	0.286	-0.000	0.006	-0.001	-0.002	-0.001	-0.001
0:12:03	-0.001	0.013	0.000	-0.006	0.007	-0.006	-0.001	-0.006	-0.002	-0.006	-0.002	-0.007	-0.006	-0.006	-0.006	-0.007	-0.007	0.003	-0.006	-0.006	-0.006	-0.005	-0.005	-0.005	0.500	0.161	0.106	0.090	0.061	0.072	1.771	0.403	0.168	0.235	0.157	0.314	-0.000	0.006	-0.001	-0.002	-0.002	-0.001
0:13:03	-0.000	0.008	0.000	-0.006	0.007	-0.006	-0.001	-0.007	-0.001	-0.006	-0.001	-0.007	-0.006	-0.006	-0.006	-0.007	-0.007	0.004	-0.005	-0.006	-0.006	-0.005	-0.005	-0.005	0.542	0.176	0.116	0.099	0.067	0.079	1.905	0.438	0.183	0.257	0.172	0.343	-0.000	0.006	-0.001	-0.002	-0.002	-0.001
0:14:03	0.000	0.005	0.001	-0.006	0.005	-0.006	0.003	-0.007	-0.002	-0.006	-0.002	-0.007	-0.006	-0.006	-0.006	-0.007	-0.007	0.004	-0.005	-0.006	-0.006	-0.004	-0.005	-0.006	0.584	0.191	0.126	0.108	0.074	0.086	2.033	0.473	0.198	0.279	0.187	0.371	-0.000	0.006	-0.001	-0.002	-0.002	-0.002
0:15:03	-0.000	0.011	0.001	-0.006	0.005	-0.006	-0.001	-0.007	-0.002	-0.005	-0.002	-0.007	-0.006	-0.006	-0.006	-0.007	-0.007	0.004	-0.005	-0.006	-0.006	-0.004	-0.005	-0.006	0.625	0.206	0.137	0.117	0.080	0.093	2.118	0.508	0.211	0.300	0.202	0.400	0.000	0.006	-0.002	-0.001	-0.002	-0.002

Results
	1	2	3	4	5	6	7	8	9	10	11	12
A	1.367	-6.033	1.867	-3.167	9.717	-0.350							Max V [Blank 405]
	1.000	1.000	1.000	1.000	1.000	1.000							R-Squared [Blank 405]
	0:06:33	0:06:33	0:06:33	0:02:33	0:04:33	0:07:33							t at Max V [Blank 405]
	0:05:37	0:08:13	0:04:36	0:02:51	0:03:57	0:06:06							Lagtime [Blank 405]
B	-9.833	0.733	1.433	-12.483	-0.333	-0.233							Max V [Blank 405]
	1.000	1.000	1.000	1.000	1.000	1.000							R-Squared [Blank 405]
	0:08:33	0:11:33	0:09:33	0:03:33	0:01:33	0:01:33							t at Max V [Blank 405]
	0:09:27	0:11:38	0:08:43	0:04:00	0:01:30	0:00:50							Lagtime [Blank 405]
C	0.317	-0.183	-0.233	-0.333	0.467	5.150							Max V [Blank 405]
	1.000	1.000	1.000	1.000	1.000	1.000							R-Squared [Blank 405]
	0:14:33	0:03:33	0:01:33	0:01:33	0:08:33	0:00:33							t at Max V [Blank 405]
	0:13:22	0:01:08	0:00:24	0:00:36	0:10:22	0:00:03							Lagtime [Blank 405]
D	0.333	-14.983	-0.333	0.517	0.333	-1.633							Max V [Blank 405]
	1.000	1.000	1.000	1.000	1.000	1.000							R-Squared [Blank 405]
	0:09:33	0:04:33	0:01:33	0:14:33	0:09:33	0:06:33							t at Max V [Blank 405]
	0:08:48	0:05:08	0:00:54	0:13:15	0:11:12	0:06:58							Lagtime [Blank 405]
E	42.083	15.017	10.517	8.933	6.383	7.383							Max V [Blank 405]
	1.000	1.000	1.000	1.000	1.000	1.000							R-Squared [Blank 405]
	0:12:33	0:14:33	0:14:33	0:13:33	0:12:33	0:12:33							t at Max V [Blank 405]
	0:02:03	0:02:49	0:03:05	0:02:44	0:02:52	0:02:33							Lagtime [Blank 405]
F	143.917	35.283	14.933	21.933	15.217	28.583							Max V [Blank 405]
	1.000	1.000	1.000	1.000	1.000	1.000							R-Squared [Blank 405]
	0:05:33	0:12:33	0:11:33	0:13:33	0:14:33	0:12:33							t at Max V [Blank 405]
	0:01:24	0:02:16	0:02:02	0:02:29	0:02:36	0:02:05							Lagtime [Blank 405]
G													Max V [Blank 405]
													R-Squared [Blank 405]
													t at Max V [Blank 405]
													Lagtime [Blank 405]
H	0.233	0.133	-0.567	-0.233	-0.167	-0.267							Max V [Blank 405]
	1.000	1.000	1.000	1.000	1.000	1.000							R-Squared [Blank 405]
	0:02:33	0:09:33	0:02:33	0:01:33	0:11:33	0:13:33							t at Max V [Blank 405]
	0:01:59	0:09:56	0:02:47	0:00:50	0:10:15	0:12:59							Lagtime [Blank 405]

