

Software Version	2.09.1



Experiment File Path:	C:\Users\admin\Desktop\Sp2025\GrA\Beta Gal kinetic_GrA_Sp2025.xpt
Protocol File Path:	C:\Users\admin\Desktop\A405_Betagal_Kinetic.prt



Plate Number	Plate 18
Date	2/9/2025
Time	9:57:47 AM
Reader Type:	Synergy Neo2
Reader Serial Number:	1604211D
Reading Type	Reader

Procedure Details

Plate Type	96 WELL PLATE
Eject plate on completion	
Start Kinetic	Runtime 0:15:00 (HH:MM:SS), Interval 0:01:00, 16 Reads
    Shake	Linear: 0:02 (MM:SS)
	Frequency: 567 cpm (3 mm)
    Read	Absorbance Endpoint
	Full Plate
	Wavelengths:  405
	Read Speed: Normal,  Delay: 50 msec,  Measurements/Data Point: 8
End Kinetic	

Layout
	1	2	3	4	5	6	7	8	9	10	11	12
A	SPL1	SPL2	SPL3	SPL19	SPL20	SPL21							Well ID
B	SPL4	SPL5	SPL6	SPL22	SPL23	SPL24							Well ID
C	SPL7	SPL8	SPL9	SPL25	SPL26	SPL27							Well ID
D	SPL10	SPL11	SPL12	SPL28	SPL29	SPL30							Well ID
E	SPL13	SPL14	SPL15	SPL31	SPL32	SPL33							Well ID
F	SPL16	SPL17	SPL18	SPL34	SPL35	SPL36							Well ID
G				BLK	BLK	BLK							Well ID
H													Well ID

405

Time	T° 405	A1	A2	A3	A4	A5	A6	B1	B2	B3	B4	B5	B6	C1	C2	C3	C4	C5	C6	D1	D2	D3	D4	D5	D6	E1	E2	E3	E4	E5	E6	F1	F2	F3	F4	F5	F6	G4	G5	G6
0:00:03	36.5	3.005	3.473	3.403	0.071	0.071	0.071	0.567	0.570	0.539	0.070	0.070	0.070	0.124	0.122	0.126	0.070	0.070	0.070	1.938	2.235	2.187	0.071	0.070	0.070	0.300	0.292	0.293	0.071	0.069	0.070	0.097	0.095	0.094	0.070	0.069	0.069	0.070	0.070	0.070
0:01:03	35.6	3.301	3.748	3.671	0.072	0.071	0.071	0.647	0.648	0.619	0.070	0.070	0.070	0.134	0.136	0.136	0.070	0.070	0.070	2.197	2.513	2.458	0.071	0.070	0.071	0.340	0.332	0.333	0.071	0.069	0.070	0.100	0.099	0.098	0.070	0.070	0.070	0.070	0.070	0.070
0:02:03	34.8	3.551	3.948	3.877	0.072	0.071	0.071	0.730	0.730	0.699	0.070	0.070	0.070	0.144	0.144	0.146	0.070	0.070	0.070	2.453	2.785	2.728	0.072	0.071	0.071	0.383	0.378	0.373	0.072	0.069	0.070	0.106	0.106	0.104	0.070	0.070	0.070	0.070	0.070	0.070
0:03:03	34.2	3.763	OVRFLW	OVRFLW	0.073	0.072	0.072	0.816	0.823	0.781	0.070	0.070	0.071	0.155	0.155	0.158	0.071	0.071	0.071	2.702	3.039	2.972	0.073	0.071	0.072	0.428	0.425	0.416	0.072	0.070	0.071	0.112	0.112	0.110	0.071	0.070	0.070	0.070	0.070	0.070
0:04:03	33.6	3.939	OVRFLW	OVRFLW	0.074	0.072	0.072	0.905	0.910	0.862	0.071	0.070	0.070	0.167	0.166	0.169	0.071	0.071	0.071	2.936	3.269	3.206	0.074	0.072	0.072	0.474	0.470	0.460	0.072	0.070	0.072	0.118	0.118	0.117	0.071	0.070	0.070	0.071	0.070	0.070
0:05:03	33.1	OVRFLW	OVRFLW	OVRFLW	0.075	0.072	0.072	0.996	0.995	0.943	0.072	0.071	0.071	0.179	0.178	0.180	0.071	0.071	0.071	3.159	3.491	3.425	0.074	0.072	0.073	0.521	0.516	0.505	0.073	0.070	0.072	0.124	0.124	0.123	0.072	0.070	0.071	0.071	0.070	0.070
0:06:03	32.6	OVRFLW	OVRFLW	OVRFLW	0.076	0.073	0.073	1.086	1.082	1.045	0.074	0.071	0.071	0.192	0.191	0.192	0.072	0.072	0.071	3.358	3.662	3.601	0.076	0.072	0.073	0.570	0.562	0.551	0.073	0.070	0.072	0.131	0.131	0.129	0.072	0.071	0.071	0.072	0.070	0.070
0:07:03	32.1	OVRFLW	OVRFLW	OVRFLW	0.077	0.073	0.073	1.177	1.166	1.139	0.075	0.071	0.072	0.205	0.205	0.205	0.073	0.072	0.071	3.543	3.811	3.774	0.078	0.073	0.073	0.618	0.610	0.598	0.073	0.070	0.072	0.138	0.138	0.136	0.072	0.071	0.071	0.072	0.071	0.071
0:08:03	31.7	OVRFLW	OVRFLW	OVRFLW	0.079	0.074	0.073	1.268	1.249	1.228	0.076	0.072	0.072	0.218	0.217	0.218	0.073	0.072	0.072	3.679	3.935	3.884	0.084	0.073	0.074	0.668	0.658	0.646	0.074	0.071	0.073	0.146	0.145	0.142	0.073	0.071	0.071	0.073	0.071	0.071
0:09:03	31.3	OVRFLW	OVRFLW	OVRFLW	0.080	0.074	0.074	1.358	1.333	1.317	0.077	0.072	0.072	0.231	0.231	0.232	0.074	0.073	0.072	3.815	OVRFLW	OVRFLW	0.085	0.074	0.074	0.717	0.706	0.693	0.075	0.071	0.073	0.150	0.151	0.149	0.073	0.072	0.071	0.073	0.071	0.071
0:10:03	31.0	OVRFLW	OVRFLW	OVRFLW	0.082	0.075	0.074	1.447	1.411	1.404	0.078	0.073	0.073	0.244	0.247	0.246	0.075	0.073	0.073	3.920	OVRFLW	OVRFLW	0.081	0.074	0.074	0.766	0.754	0.742	0.075	0.072	0.073	0.160	0.158	0.155	0.074	0.072	0.072	0.074	0.071	0.071
0:11:03	30.6	OVRFLW	OVRFLW	OVRFLW	0.083	0.075	0.075	1.535	1.490	1.490	0.079	0.074	0.073	0.258	0.262	0.260	0.076	0.074	0.073	OVRFLW	OVRFLW	OVRFLW	0.081	0.075	0.075	0.815	0.803	0.789	0.076	0.072	0.073	0.163	0.171	0.162	0.075	0.072	0.072	0.074	0.072	0.072
0:12:03	30.4	OVRFLW	OVRFLW	OVRFLW	0.084	0.076	0.075	1.620	1.576	1.574	0.080	0.074	0.074	0.271	0.275	0.274	0.078	0.075	0.073	OVRFLW	OVRFLW	OVRFLW	0.083	0.075	0.075	0.864	0.851	0.837	0.077	0.072	0.073	0.170	0.174	0.168	0.075	0.073	0.072	0.075	0.072	0.072
0:13:03	30.1	OVRFLW	OVRFLW	OVRFLW	0.086	0.077	0.075	1.705	1.659	1.658	0.082	0.075	0.074	0.284	0.288	0.287	0.079	0.075	0.074	OVRFLW	OVRFLW	OVRFLW	0.085	0.076	0.076	0.913	0.899	0.885	0.078	0.073	0.074	0.177	0.183	0.175	0.076	0.073	0.072	0.075	0.072	0.072
0:14:03	29.8	OVRFLW	OVRFLW	OVRFLW	0.087	0.077	0.076	1.787	1.741	1.740	0.083	0.076	0.074	0.297	0.299	0.301	0.081	0.076	0.074	OVRFLW	OVRFLW	OVRFLW	0.087	0.076	0.076	0.960	0.947	0.932	0.079	0.073	0.074	0.185	0.191	0.181	0.077	0.073	0.073	0.075	0.073	0.072
0:15:03	29.6	OVRFLW	OVRFLW	OVRFLW	0.089	0.078	0.076	1.866	1.811	1.819	0.085	0.077	0.075	0.310	0.314	0.315	0.083	0.077	0.075	OVRFLW	OVRFLW	OVRFLW	0.088	0.077	0.077	1.008	0.993	0.978	0.081	0.074	0.074	0.190	0.196	0.188	0.077	0.074	0.073	0.076	0.073	0.073

Blank 405

Time	A1	A2	A3	A4	A5	A6	B1	B2	B3	B4	B5	B6	C1	C2	C3	C4	C5	C6	D1	D2	D3	D4	D5	D6	E1	E2	E3	E4	E5	E6	F1	F2	F3	F4	F5	F6	G4	G5	G6
0:00:03	2.935	3.403	3.333	0.001	0.001	0.001	0.497	0.500	0.469	0.000	-0.000	0.000	0.054	0.052	0.056	0.000	0.000	0.000	1.868	2.165	2.117	0.001	0.000	0.000	0.230	0.222	0.223	0.001	-0.001	-0.000	0.027	0.025	0.024	-0.000	-0.001	-0.001	0.000	-0.000	-0.000
0:01:03	3.231	3.678	3.601	0.002	0.001	0.001	0.577	0.579	0.549	0.000	-0.000	0.000	0.064	0.066	0.066	0.000	0.001	0.000	2.128	2.443	2.388	0.002	0.001	0.001	0.270	0.262	0.263	0.001	-0.001	0.000	0.030	0.029	0.029	0.000	-0.000	-0.000	0.000	-0.000	-0.000
0:02:03	3.481	3.878	3.807	0.002	0.001	0.002	0.660	0.661	0.629	0.000	-0.000	0.000	0.075	0.074	0.077	0.000	0.001	0.001	2.383	2.715	2.659	0.002	0.001	0.001	0.313	0.309	0.304	0.002	-0.000	0.001	0.036	0.036	0.034	0.001	-0.000	0.000	0.000	-0.000	-0.000
0:03:03	3.693	?????	?????	0.003	0.002	0.002	0.746	0.753	0.711	0.001	0.000	0.001	0.085	0.085	0.088	0.001	0.001	0.001	2.633	2.969	2.902	0.003	0.001	0.002	0.358	0.355	0.346	0.002	-0.000	0.001	0.042	0.042	0.040	0.001	0.000	0.000	0.000	-0.000	-0.000
0:04:03	3.869	?????	?????	0.004	0.002	0.002	0.835	0.839	0.792	0.001	0.000	0.000	0.097	0.096	0.099	0.001	0.001	0.001	2.866	3.199	3.136	0.004	0.002	0.002	0.404	0.400	0.390	0.002	-0.000	0.001	0.048	0.048	0.046	0.001	0.000	0.000	0.001	-0.000	-0.000
0:05:03	?????	?????	?????	0.005	0.002	0.002	0.925	0.924	0.873	0.002	0.001	0.000	0.108	0.108	0.110	0.001	0.001	0.001	3.089	3.421	3.354	0.004	0.002	0.002	0.451	0.445	0.435	0.002	-0.000	0.002	0.054	0.054	0.052	0.001	0.000	0.000	0.001	-0.000	-0.000
0:06:03	?????	?????	?????	0.005	0.002	0.002	1.015	1.011	0.974	0.003	0.000	0.000	0.121	0.120	0.121	0.001	0.001	0.000	3.288	3.591	3.530	0.005	0.002	0.002	0.499	0.491	0.480	0.002	-0.001	0.001	0.060	0.060	0.058	0.001	-0.000	0.000	0.001	-0.000	-0.000
0:07:03	?????	?????	?????	0.006	0.002	0.002	1.106	1.095	1.068	0.003	0.000	0.001	0.134	0.134	0.134	0.002	0.001	0.000	3.471	3.740	3.703	0.006	0.002	0.002	0.547	0.539	0.527	0.002	-0.001	0.001	0.066	0.066	0.064	0.001	-0.000	-0.000	0.001	-0.001	-0.000
0:08:03	?????	?????	?????	0.007	0.003	0.002	1.197	1.177	1.156	0.004	0.000	0.001	0.147	0.146	0.146	0.002	0.001	0.000	3.607	3.863	3.813	0.013	0.002	0.002	0.596	0.586	0.574	0.003	-0.001	0.001	0.074	0.074	0.071	0.002	0.000	-0.000	0.001	-0.001	-0.000
0:09:03	?????	?????	?????	0.008	0.002	0.002	1.286	1.261	1.245	0.005	0.001	0.001	0.159	0.159	0.160	0.002	0.001	0.000	3.743	?????	?????	0.013	0.002	0.002	0.645	0.634	0.622	0.003	-0.001	0.001	0.078	0.080	0.077	0.002	-0.000	-0.001	0.001	-0.001	-0.001
0:10:03	?????	?????	?????	0.009	0.003	0.002	1.374	1.339	1.332	0.006	0.001	0.001	0.172	0.174	0.174	0.003	0.001	0.000	3.848	?????	?????	0.009	0.002	0.002	0.694	0.682	0.669	0.003	-0.000	0.001	0.087	0.086	0.083	0.002	-0.000	-0.001	0.001	-0.001	-0.001
0:11:03	?????	?????	?????	0.010	0.003	0.002	1.462	1.417	1.417	0.007	0.001	0.001	0.185	0.189	0.188	0.004	0.001	0.000	?????	?????	?????	0.009	0.002	0.002	0.743	0.730	0.717	0.004	-0.001	0.001	0.091	0.098	0.089	0.002	-0.000	-0.001	0.001	-0.001	-0.001
0:12:03	?????	?????	?????	0.011	0.003	0.002	1.548	1.503	1.501	0.007	0.001	0.001	0.198	0.202	0.201	0.005	0.002	0.001	?????	?????	?????	0.010	0.002	0.003	0.791	0.778	0.764	0.004	-0.001	0.001	0.097	0.101	0.095	0.002	-0.000	-0.001	0.002	-0.001	-0.001
0:13:03	?????	?????	?????	0.013	0.004	0.002	1.632	1.586	1.585	0.008	0.002	0.001	0.211	0.214	0.214	0.006	0.002	0.001	?????	?????	?????	0.011	0.003	0.003	0.839	0.826	0.811	0.005	-0.001	0.001	0.103	0.110	0.101	0.003	-0.000	-0.001	0.002	-0.001	-0.001
0:14:03	?????	?????	?????	0.014	0.004	0.002	1.713	1.667	1.666	0.010	0.002	0.001	0.223	0.226	0.228	0.007	0.003	0.001	?????	?????	?????	0.014	0.003	0.003	0.887	0.873	0.858	0.006	-0.000	0.001	0.111	0.117	0.108	0.003	-0.000	-0.001	0.002	-0.001	-0.001
0:15:03	?????	?????	?????	0.015	0.004	0.003	1.792	1.737	1.745	0.011	0.003	0.001	0.236	0.240	0.241	0.009	0.003	0.001	?????	?????	?????	0.014	0.003	0.003	0.934	0.919	0.904	0.007	-0.000	0.000	0.116	0.122	0.114	0.003	-0.000	-0.001	0.002	-0.001	-0.001

Results
	1	2	3	4	5	6	7	8	9	10	11	12
A	296.467	274.767	267.967	1.333	0.400	0.333							Max V [Blank 405]
	1.000	1.000	1.000	1.000	1.000	1.000							R-Squared [Blank 405]
	0:00:33	0:00:33	0:00:33	0:14:33	0:12:33	0:01:33							t at Max V [Blank 405]
	0:00:03	0:00:03	0:00:03	0:04:50	0:05:58	0:00:33							Lagtime [Blank 405]
B	91.000	92.600	100.833	1.267	0.533	-0.600							Max V [Blank 405]
	1.000	1.000	1.000	1.000	1.000	1.000							R-Squared [Blank 405]
	0:07:33	0:02:33	0:05:33	0:13:33	0:14:33	0:03:33							t at Max V [Blank 405]
	0:00:22	0:00:19	0:01:02	0:06:28	0:08:59	0:04:13							Lagtime [Blank 405]
C	13.133	15.400	13.900	1.367	0.500	-0.467							Max V [Blank 405]
	1.000	1.000	1.000	1.000	1.000	1.000							R-Squared [Blank 405]
	0:06:33	0:09:33	0:10:33	0:13:33	0:11:33	0:05:33							t at Max V [Blank 405]
	0:00:58	0:02:06	0:01:37	0:08:38	0:09:11	0:05:37							Lagtime [Blank 405]
D	259.067	277.967	271.167	6.400	0.567	0.600							Max V [Blank 405]
	1.000	1.000	1.000	1.000	1.000	1.000							R-Squared [Blank 405]
	0:00:33	0:00:33	0:00:33	0:07:33	0:00:33	0:02:33							t at Max V [Blank 405]
	0:00:03	0:00:03	0:00:03	0:06:12	0:00:03	0:00:43							Lagtime [Blank 405]
E	49.100	48.000	47.800	0.867	0.333	0.567							Max V [Blank 405]
	1.000	1.000	1.000	1.000	1.000	1.000							R-Squared [Blank 405]
	0:09:33	0:08:33	0:09:33	0:13:33	0:01:33	0:00:33							t at Max V [Blank 405]
	0:00:36	0:00:28	0:00:43	0:08:31	0:00:15	0:00:03							Lagtime [Blank 405]
F	9.100	11.900	6.500	0.533	0.233	-0.567							Max V [Blank 405]
	1.000	1.000	1.000	1.000	1.000	1.000							R-Squared [Blank 405]
	0:09:33	0:10:33	0:07:33	0:01:33	0:01:33	0:06:33							t at Max V [Blank 405]
	0:03:25	0:04:53	0:00:48	0:00:33	0:00:20	0:07:49							Lagtime [Blank 405]
G				0.300	-0.200	-0.300							Max V [Blank 405]
				1.000	1.000	1.000							R-Squared [Blank 405]
				0:09:33	0:11:33	0:02:33							t at Max V [Blank 405]
				0:05:56	0:08:13	0:02:03							Lagtime [Blank 405]
H													Max V [Blank 405]
													R-Squared [Blank 405]
													t at Max V [Blank 405]
													Lagtime [Blank 405]

