

Software Version	2.09.1



Experiment File Path:	C:\Users\admin\Desktop\Sp2025\GrA\Lysozyme kinetic_sp2025.xpt
Protocol File Path:	C:\Users\admin\Desktop\A405_Betagal_Kinetic.prt



Plate Number	Plate 7
Date	2/8/2025
Time	3:32:53 PM
Reader Type:	Synergy Neo2
Reader Serial Number:	1604211D
Reading Type	Reader

Procedure Details

Plate Type	96 WELL PLATE
Eject plate on completion	
Start Kinetic	Runtime 0:15:00 (HH:MM:SS), Interval 0:01:00, 16 Reads
    Shake	Linear: 0:02 (MM:SS)
	Frequency: 567 cpm (3 mm)
    Read	Absorbance Endpoint
	Full Plate
	Wavelengths:  450
	Read Speed: Normal,  Delay: 50 msec,  Measurements/Data Point: 8
End Kinetic	

Layout
	1	2	3	4	5	6	7	8	9	10	11	12
A	SPL1	SPL2	SPL3	SPL19	SPL20	SPL21							Well ID
B	SPL4	SPL5	SPL6	SPL22	SPL23	SPL24							Well ID
C	SPL7	SPL8	SPL9	SPL25	SPL26	SPL27							Well ID
D	SPL10	SPL11	SPL12	SPL28	SPL29	SPL30							Well ID
E	SPL13	SPL14	SPL15	SPL31	SPL32	SPL33							Well ID
F	SPL16	SPL17	SPL18	SPL34	SPL35	SPL36							Well ID
G				BLK	BLK	BLK							Well ID
H				SPL37	SPL38	SPL39							Well ID

450

Time	T° 450	A1	A2	A3	A4	A5	A6	B1	B2	B3	B4	B5	B6	C1	C2	C3	C4	C5	C6	D1	D2	D3	D4	D5	D6	E1	E2	E3	E4	E5	E6	F1	F2	F3	F4	F5	F6	G4	G5	G6	H4	H5	H6
0:00:03	24.8	0.804	0.720	0.801	0.456	0.630	0.587	0.808	0.830	0.774	0.912	0.819	0.678	0.731	0.801	0.765	0.805	0.880	0.848	0.705	0.985	0.914	0.462	0.675	0.711	0.711	0.783	0.700	0.802	0.752	0.819	0.754	0.725	0.798	0.909	0.761	0.816	0.696	0.858	0.890	0.049	0.049	0.053
0:01:03	24.8	0.927	0.924	0.980	0.499	0.561	0.504	1.117	1.198	1.207	1.080	1.106	0.778	1.028	1.048	1.089	1.163	1.182	1.031	0.812	1.324	1.261	0.455	0.672	0.696	1.058	1.208	1.152	1.306	1.341	1.231	1.155	1.183	1.248	1.338	1.250	1.249	1.311	1.382	1.446	0.049	0.049	0.053
0:02:03	24.7	0.934	0.920	0.985	0.453	0.511	0.453	1.332	1.404	1.551	1.069	1.135	0.753	1.454	1.457	1.583	1.626	1.600	1.443	0.937	1.411	1.354	0.449	0.616	0.622	1.440	1.605	1.553	1.505	1.513	1.455	1.554	1.640	1.608	1.528	1.448	1.416	1.510	1.495	1.566	0.049	0.049	0.053
0:03:03	24.7	0.919	0.903	0.956	0.429	0.471	0.412	1.420	1.480	1.607	1.063	1.107	0.708	1.622	1.638	1.706	1.712	1.716	1.573	1.038	1.438	1.388	0.417	0.580	0.587	1.531	1.679	1.624	1.510	1.539	1.458	1.666	1.763	1.747	1.677	1.588	1.454	1.598	1.562	1.622	0.049	0.049	0.053
0:04:03	24.7	0.900	0.884	0.929	0.401	0.445	0.374	1.430	1.501	1.625	1.029	1.074	0.684	1.682	1.700	1.751	1.752	1.740	1.603	1.077	1.451	1.406	0.393	0.536	0.533	1.571	1.713	1.662	1.491	1.522	1.438	1.721	1.800	1.796	1.712	1.603	1.458	1.700	1.688	1.720	0.049	0.049	0.053
0:05:03	24.7	0.875	0.873	0.911	0.378	0.416	0.349	1.429	1.500	1.630	0.994	1.047	0.649	1.707	1.716	1.766	1.761	1.748	1.610	1.097	1.461	1.410	0.365	0.496	0.495	1.591	1.715	1.671	1.473	1.503	1.408	1.744	1.791	1.794	1.706	1.612	1.444	1.740	1.740	1.810	0.049	0.049	0.053
0:06:03	24.7	0.866	0.849	0.898	0.364	0.395	0.328	1.430	1.493	1.629	0.970	1.007	0.618	1.717	1.730	1.772	1.759	1.746	1.608	1.105	1.476	1.417	0.342	0.460	0.460	1.597	1.720	1.678	1.451	1.485	1.382	1.743	1.805	1.802	1.699	1.608	1.430	1.755	1.760	1.830	0.049	0.049	0.053
0:07:03	24.7	0.846	0.838	0.883	0.353	0.388	0.316	1.419	1.496	1.630	0.940	0.979	0.591	1.721	1.733	1.774	1.761	1.745	1.605	1.125	1.484	1.426	0.319	0.428	0.427	1.601	1.716	1.684	1.433	1.463	1.364	1.749	1.801	1.798	1.697	1.594	1.416	1.753	1.766	1.838	0.049	0.049	0.053
0:08:03	24.7	0.827	0.820	0.869	0.347	0.392	0.314	1.417	1.488	1.627	0.914	0.946	0.568	1.724	1.734	1.772	1.754	1.741	1.594	1.134	1.487	1.432	0.302	0.401	0.398	1.602	1.723	1.679	1.412	1.440	1.335	1.748	1.799	1.799	1.687	1.584	1.396	1.761	1.761	1.842	0.049	0.049	0.053
0:09:03	24.7	0.812	0.797	0.853	0.346	0.398	0.318	1.419	1.486	1.625	0.891	0.923	0.548	1.720	1.736	1.775	1.749	1.735	1.587	1.147	1.491	1.433	0.289	0.379	0.375	1.601	1.722	1.681	1.391	1.421	1.312	1.750	1.797	1.799	1.680	1.567	1.383	1.762	1.767	1.843	0.049	0.049	0.052
0:10:03	24.7	0.793	0.781	0.836	0.347	0.406	0.326	1.416	1.480	1.625	0.867	0.896	0.526	1.722	1.730	1.769	1.741	1.728	1.580	1.148	1.492	1.438	0.279	0.360	0.353	1.600	1.722	1.679	1.375	1.401	1.292	1.750	1.801	1.797	1.669	1.552	1.368	1.760	1.768	1.839	0.049	0.049	0.053
0:11:03	24.7	0.776	0.769	0.821	0.350	0.409	0.337	1.414	1.478	1.618	0.842	0.874	0.509	1.721	1.729	1.771	1.736	1.717	1.570	1.157	1.494	1.444	0.273	0.346	0.337	1.602	1.722	1.682	1.359	1.386	1.274	1.746	1.800	1.800	1.661	1.539	1.358	1.759	1.765	1.844	0.049	0.049	0.052
0:12:03	24.7	0.760	0.750	0.806	0.352	0.401	0.349	1.410	1.477	1.617	0.821	0.852	0.492	1.723	1.732	1.774	1.730	1.711	1.571	1.164	1.495	1.447	0.273	0.333	0.323	1.604	1.722	1.681	1.341	1.369	1.253	1.749	1.799	1.802	1.651	1.525	1.344	1.760	1.766	1.839	0.049	0.049	0.053
0:13:03	24.7	0.748	0.738	0.793	0.351	0.385	0.351	1.411	1.474	1.615	0.802	0.832	0.478	1.720	1.730	1.769	1.724	1.702	1.558	1.166	1.498	1.445	0.281	0.324	0.312	1.604	1.724	1.682	1.323	1.352	1.231	1.747	1.798	1.801	1.644	1.512	1.333	1.759	1.764	1.837	0.049	0.049	0.053
0:14:03	24.7	0.730	0.722	0.775	0.345	0.365	0.342	1.406	1.469	1.610	0.785	0.813	0.465	1.722	1.732	1.772	1.715	1.696	1.552	1.174	1.495	1.446	0.289	0.319	0.305	1.605	1.725	1.683	1.305	1.332	1.213	1.746	1.797	1.799	1.635	1.501	1.319	1.757	1.762	1.836	0.049	0.049	0.053
0:15:03	24.7	0.716	0.709	0.760	0.332	0.345	0.326	1.404	1.470	1.603	0.767	0.795	0.450	1.723	1.733	1.767	1.708	1.690	1.544	1.174	1.501	1.447	0.296	0.319	0.300	1.606	1.724	1.684	1.290	1.319	1.193	1.746	1.794	1.797	1.624	1.491	1.305	1.758	1.764	1.835	0.049	0.049	0.053

Blank 450

Time	A1	A2	A3	A4	A5	A6	B1	B2	B3	B4	B5	B6	C1	C2	C3	C4	C5	C6	D1	D2	D3	D4	D5	D6	E1	E2	E3	E4	E5	E6	F1	F2	F3	F4	F5	F6	G4	G5	G6	H4	H5	H6
0:00:03	-0.011	-0.095	-0.014	-0.359	-0.185	-0.228	-0.007	0.014	-0.041	0.097	0.004	-0.137	-0.084	-0.014	-0.050	-0.010	0.065	0.033	-0.110	0.169	0.099	-0.353	-0.140	-0.105	-0.104	-0.032	-0.116	-0.013	-0.063	0.003	-0.061	-0.090	-0.017	0.094	-0.054	0.001	-0.119	0.043	0.075	-0.766	-0.766	-0.762
0:01:03	-0.453	-0.456	-0.400	-0.881	-0.819	-0.876	-0.263	-0.182	-0.173	-0.300	-0.274	-0.602	-0.352	-0.332	-0.291	-0.217	-0.198	-0.349	-0.567	-0.056	-0.118	-0.924	-0.708	-0.684	-0.322	-0.172	-0.228	-0.073	-0.039	-0.149	-0.224	-0.197	-0.132	-0.042	-0.130	-0.131	-0.069	0.002	0.066	-1.331	-1.331	-1.327
0:02:03	-0.590	-0.604	-0.539	-1.071	-1.013	-1.070	-0.192	-0.120	0.027	-0.455	-0.389	-0.771	-0.070	-0.067	0.059	0.102	0.076	-0.081	-0.586	-0.113	-0.170	-1.075	-0.908	-0.902	-0.084	0.081	0.030	-0.019	-0.011	-0.069	0.030	0.116	0.084	0.004	-0.076	-0.108	-0.014	-0.029	0.042	-1.475	-1.475	-1.471
0:03:03	-0.675	-0.691	-0.638	-1.165	-1.123	-1.182	-0.174	-0.114	0.013	-0.531	-0.487	-0.886	0.028	0.044	0.113	0.118	0.122	-0.021	-0.556	-0.156	-0.206	-1.177	-1.014	-1.007	-0.063	0.085	0.030	-0.084	-0.055	-0.136	0.072	0.169	0.153	0.083	-0.006	-0.140	0.004	-0.032	0.028	-1.545	-1.545	-1.541
0:04:03	-0.803	-0.818	-0.773	-1.301	-1.258	-1.328	-0.273	-0.202	-0.078	-0.674	-0.629	-1.018	-0.020	-0.003	0.049	0.050	0.038	-0.099	-0.626	-0.251	-0.297	-1.309	-1.166	-1.169	-0.132	0.010	-0.041	-0.212	-0.180	-0.265	0.019	0.097	0.094	0.009	-0.099	-0.245	-0.003	-0.015	0.018	-1.654	-1.653	-1.650
0:05:03	-0.889	-0.891	-0.853	-1.385	-1.347	-1.415	-0.334	-0.263	-0.134	-0.770	-0.716	-1.114	-0.056	-0.047	0.002	-0.002	-0.016	-0.154	-0.667	-0.302	-0.353	-1.399	-1.267	-1.268	-0.172	-0.049	-0.092	-0.290	-0.260	-0.356	-0.019	0.027	0.031	-0.057	-0.151	-0.319	-0.023	-0.023	0.046	-1.714	-1.714	-1.711
0:06:03	-0.916	-0.932	-0.883	-1.417	-1.387	-1.454	-0.351	-0.288	-0.153	-0.812	-0.775	-1.164	-0.065	-0.051	-0.010	-0.023	-0.035	-0.173	-0.677	-0.306	-0.365	-1.440	-1.321	-1.322	-0.185	-0.062	-0.104	-0.331	-0.297	-0.400	-0.039	0.024	0.021	-0.082	-0.174	-0.352	-0.027	-0.022	0.049	-1.732	-1.732	-1.729
0:07:03	-0.940	-0.948	-0.902	-1.432	-1.398	-1.469	-0.367	-0.289	-0.155	-0.845	-0.807	-1.195	-0.065	-0.052	-0.012	-0.025	-0.041	-0.180	-0.660	-0.302	-0.359	-1.466	-1.357	-1.359	-0.184	-0.070	-0.102	-0.353	-0.323	-0.421	-0.037	0.015	0.013	-0.089	-0.191	-0.370	-0.033	-0.020	0.052	-1.736	-1.736	-1.733
0:08:03	-0.961	-0.968	-0.919	-1.441	-1.396	-1.474	-0.371	-0.300	-0.161	-0.873	-0.842	-1.220	-0.064	-0.054	-0.016	-0.034	-0.047	-0.194	-0.654	-0.301	-0.356	-1.485	-1.387	-1.390	-0.186	-0.065	-0.109	-0.376	-0.348	-0.453	-0.039	0.011	0.011	-0.101	-0.204	-0.392	-0.027	-0.027	0.054	-1.739	-1.739	-1.735
0:09:03	-0.978	-0.993	-0.937	-1.444	-1.392	-1.472	-0.371	-0.304	-0.165	-0.900	-0.868	-1.242	-0.070	-0.054	-0.016	-0.042	-0.055	-0.204	-0.644	-0.299	-0.357	-1.502	-1.412	-1.416	-0.190	-0.069	-0.109	-0.399	-0.370	-0.478	-0.040	0.007	0.008	-0.111	-0.223	-0.407	-0.029	-0.024	0.052	-1.742	-1.741	-1.738
0:10:03	-0.996	-1.008	-0.954	-1.442	-1.383	-1.464	-0.373	-0.309	-0.164	-0.922	-0.893	-1.263	-0.067	-0.059	-0.020	-0.048	-0.061	-0.210	-0.641	-0.297	-0.351	-1.510	-1.429	-1.436	-0.189	-0.067	-0.110	-0.414	-0.388	-0.498	-0.039	0.012	0.007	-0.120	-0.238	-0.421	-0.029	-0.021	0.050	-1.740	-1.740	-1.737
0:11:03	-1.013	-1.020	-0.968	-1.439	-1.381	-1.452	-0.376	-0.311	-0.171	-0.947	-0.915	-1.280	-0.069	-0.060	-0.019	-0.053	-0.072	-0.220	-0.632	-0.295	-0.345	-1.516	-1.443	-1.453	-0.188	-0.067	-0.108	-0.431	-0.403	-0.515	-0.044	0.011	0.010	-0.128	-0.250	-0.431	-0.030	-0.024	0.055	-1.740	-1.740	-1.737
0:12:03	-1.028	-1.039	-0.983	-1.437	-1.388	-1.439	-0.378	-0.311	-0.172	-0.967	-0.937	-1.296	-0.066	-0.057	-0.014	-0.058	-0.077	-0.218	-0.625	-0.293	-0.341	-1.515	-1.455	-1.466	-0.185	-0.066	-0.108	-0.447	-0.419	-0.535	-0.039	0.010	0.013	-0.137	-0.263	-0.444	-0.028	-0.023	0.051	-1.739	-1.739	-1.736
0:13:03	-1.039	-1.049	-0.994	-1.436	-1.402	-1.436	-0.375	-0.313	-0.172	-0.985	-0.955	-1.309	-0.067	-0.056	-0.018	-0.063	-0.085	-0.229	-0.621	-0.289	-0.342	-1.505	-1.463	-1.475	-0.183	-0.063	-0.105	-0.464	-0.435	-0.556	-0.040	0.012	0.014	-0.143	-0.275	-0.454	-0.027	-0.022	0.050	-1.738	-1.737	-1.734
0:14:03	-1.055	-1.063	-1.010	-1.440	-1.420	-1.443	-0.379	-0.316	-0.175	-1.000	-0.972	-1.320	-0.063	-0.053	-0.013	-0.070	-0.089	-0.233	-0.611	-0.290	-0.338	-1.496	-1.466	-1.480	-0.180	-0.060	-0.102	-0.480	-0.453	-0.572	-0.038	0.012	0.014	-0.150	-0.284	-0.466	-0.028	-0.023	0.051	-1.736	-1.736	-1.732
0:15:03	-1.070	-1.077	-1.026	-1.454	-1.441	-1.460	-0.382	-0.316	-0.183	-1.019	-0.991	-1.335	-0.063	-0.053	-0.019	-0.078	-0.096	-0.242	-0.612	-0.285	-0.339	-1.490	-1.467	-1.486	-0.180	-0.062	-0.102	-0.496	-0.467	-0.593	-0.039	0.009	0.011	-0.162	-0.295	-0.481	-0.028	-0.022	0.049	-1.737	-1.737	-1.733

Results
	1	2	3	4	5	6	7	8	9	10	11	12
A	-441.767	-360.867	-385.767	-522.067	-633.967	-647.867							Max V [Blank 450]
	1.000	1.000	1.000	1.000	1.000	1.000							R-Squared [Blank 450]
	0:00:33	0:00:33	0:00:33	0:00:33	0:00:33	0:00:33							t at Max V [Blank 450]
	0:00:03	0:00:03	0:00:03	0:00:03	0:00:03	0:00:03							Lagtime [Blank 450]
B	-255.867	-196.667	200.067	-396.967	-277.467	-464.767							Max V [Blank 450]
	1.000	1.000	1.000	1.000	1.000	1.000							R-Squared [Blank 450]
	0:00:33	0:00:33	0:01:33	0:00:33	0:00:33	0:00:33							t at Max V [Blank 450]
	0:00:03	0:00:03	0:01:43	0:00:03	0:00:03	0:00:03							Lagtime [Blank 450]
C	281.467	-317.467	350.767	319.067	273.867	-381.767							Max V [Blank 450]
	1.000	1.000	1.000	1.000	1.000	1.000							R-Squared [Blank 450]
	0:01:33	0:00:33	0:01:33	0:01:33	0:01:33	0:00:33							t at Max V [Blank 450]
	0:02:00	0:00:03	0:01:44	0:01:42	0:02:00	0:00:03							Lagtime [Blank 450]
D	-457.167	-225.467	-217.367	-571.667	-567.567	-579.767							Max V [Blank 450]
	1.000	1.000	1.000	1.000	1.000	1.000							R-Squared [Blank 450]
	0:00:33	0:00:33	0:00:33	0:00:33	0:00:33	0:00:33							t at Max V [Blank 450]
	0:00:03	0:00:03	0:00:03	0:00:03	0:00:03	0:00:03							Lagtime [Blank 450]
E	237.667	252.967	257.467	-127.667	-125.467	-152.267							Max V [Blank 450]
	1.000	1.000	1.000	1.000	1.000	1.000							R-Squared [Blank 450]
	0:01:33	0:01:33	0:01:33	0:03:33	0:03:33	0:00:33							t at Max V [Blank 450]
	0:01:58	0:01:36	0:01:29	0:02:29	0:03:07	0:00:03							Lagtime [Blank 450]
F	254.467	312.667	215.967	-136.467	-93.467	-131.567							Max V [Blank 450]
	1.000	1.000	1.000	1.000	1.000	1.000							R-Squared [Blank 450]
	0:01:33	0:01:33	0:01:33	0:00:33	0:03:33	0:00:33							t at Max V [Blank 450]
	0:01:41	0:01:23	0:01:35	0:00:03	0:03:34	0:00:03							Lagtime [Blank 450]
G				54.867	-41.167	28.833							Max V [Blank 450]
				1.000	1.000	1.000							R-Squared [Blank 450]
				0:01:33	0:00:33	0:04:33							t at Max V [Blank 450]
				0:00:08	0:00:03	0:06:03							Lagtime [Blank 450]
H				-564.667	-564.667	-564.767							Max V [Blank 450]
				1.000	1.000	1.000							R-Squared [Blank 450]
				0:00:33	0:00:33	0:00:33							t at Max V [Blank 450]
				0:00:03	0:00:03	0:00:03							Lagtime [Blank 450]

